0.006983
0.008630
0.008513
0.008644
0.008855
0.008456
0.009346
0.008386
0.008381
0.008149
0.008545
0.008357
0.008807
0.009395
0.008863
0.008446
0.008440
0.008322
0.008418
0.009350
0.008415
0.008100
0.008445
0.008234
0.008633
0.009479
0.008948
0.008266
0.007930
0.008332
0.008003
0.009352
0.010114
0.008483
0.007985
0.008201
0.008206
0.008601
0.009580
0.008147
0.007532
0.008454
0.008704
0.008684
0.010324
0.010183
0.008744
0.008535
0.008567
0.009017
0.010534
0.012155
0.010619
0.007991
0.008757
0.008463
0.009294
0.009462
0.008732
0.008117
0.008702
0.009245
0.008895
0.010285
0.010290
0.008396
0.008288
0.008659
0.008551
0.009557
0.009082
0.008787
0.008286
0.008511
0.008234
0.009081
0.009520
0.009023
0.008696
0.009079
0.008256
0.008377
0.009620
0.008449
0.007846
0.008867
0.008030
0.008542
0.010047
0.009060
0.008094
0.008630
0.008748
0.008115
0.009146
0.009365
0.008975
0.008515
0.008937
0.007950
0.008728
0.009481
0.008776
0.008356
0.008226
0.008642
0.009020
0.010132
0.008698
0.007847
0.008315
0.008680
0.008699
0.010981
0.011003
0.010155
0.008303
0.008247
0.008542
0.009679
0.011053
0.010115
0.008429
0.008459
0.008307
0.009072
0.010764
0.010705
0.008578
0.008555
0.008269
0.008892
0.009734
0.009156
0.008573
0.007908
0.008779
0.008847
0.009852
0.009437
0.008560
0.008313
0.008377
0.008701
0.008708
0.010570
0.010098
0.008239
0.008779
0.008395
0.009072
0.010547
0.010748
0.009621
0.008400
0.008130
0.008481
0.009467
0.009986
0.009159
0.008294
0.008517
0.008546
0.010074
0.010912
0.009701
0.008362
0.008088
0.008438
0.009133
0.011289
0.010737
0.008170
0.008349
0.008343
0.008589
0.010395
0.009255
0.008768
0.007912
0.008487
0.008635
0.008967
0.008912
0.008153
0.008121
0.008610
0.008388
0.009073
0.009469
0.008147
0.008320
0.008332
0.008666
0.008870
0.009833
0.009529
0.008249
0.008860
0.008771
0.008200
0.008942
0.010497
0.008593
0.008614
0.008558
0.008058
0.008887
0.009296
0.008553
0.008279
0.008752
0.007960
0.009012
0.009747
0.008755
0.008093
0.008634
0.008199
0.008705
0.009880
0.009355
0.008673
0.008398
0.008413
0.008468
0.009665
0.009459
0.008477
0.008317
0.009319
0.008411
0.009275
0.009588
0.007957
0.007970
0.008437
0.007995
0.008681
0.010943
0.010577
0.008548
0.008692
0.008221
0.008402
0.010187
0.009811
0.008026
0.007958
0.008222
0.008172
0.009109
0.009335
0.008581
0.008602
0.008810
0.008561
0.009380
0.010028
0.008064
0.008100
0.008895
0.009114
0.008612
0.009270
0.008616
0.008562
0.008479
0.008319
0.008315
0.009694
0.008992
0.008004
0.007962
0.008742
0.008667
0.010033
0.011239
0.010433
0.008106
0.008070
0.008384
0.009362
0.010953
0.010622
0.008381
0.008474
0.008281
0.008388
0.009592
0.010145
0.008653
0.008133
0.008840
0.008283
0.009141
0.009853
0.008855
0.008389
0.008696
0.008022
0.009481
0.010981
0.010421
0.008877
0.008838
0.007866
0.008109
0.009925
0.008707
0.008198
0.008218
0.008534
0.008638
0.009304
0.009829
0.009345
0.008492
0.009036
0.008419
0.009260
0.009539
0.008585
0.008269
0.008802
0.008475
0.008633
0.009922
0.009196
0.007947
0.008394
0.008596
0.008601
0.009566
0.008897
0.008282
0.008527
0.008855
0.008846
0.009545
0.010045
0.008675
0.008100
0.008741
0.008983
0.009492
0.010680
0.008592
0.008400
0.008873
0.008336
0.008791
0.010777
0.009928
0.008041
0.008537
0.008376
0.008404
0.009787
0.010250
0.008887
0.007919
0.008596
0.008640
0.009380
0.009549
0.008013
0.007848
0.008602
0.008565
0.008807
0.009797
0.008535
0.008270
0.008615
0.008413
0.008541
0.009450
0.008912
0.008382
0.008268
0.008776
0.008395
0.009332
0.009336
0.008529
0.008201
0.008361
0.007816
0.008869
0.009044
0.008605
0.008398
0.009054
0.008650
0.009005
0.009713
0.008257
0.007632
0.008250
0.008221
0.008221
0.009262
0.010110
0.008105
0.007854
0.008270
0.007987
0.008799
0.008640
0.007911
0.008204
0.008787
0.008307
0.009419
0.010344
0.010322
0.008242
0.008640
0.008654
0.008761
0.009617
0.008894
0.008197
0.008009
0.008893
0.008186
0.009599
0.009388
0.008896
0.007886
0.009088
0.008446
0.008960
0.010664
0.008399
0.008059
0.008804
0.008336
0.009095
0.010018
0.009049
0.008368
0.008564
0.008126
0.008433
0.009440
0.008727
0.008428
0.008541
0.008774
0.008081
0.009338
0.009506
0.008515
0.008113
0.008552
0.008492
0.008600
0.009816
0.008801
0.008810
0.008504
0.008546
0.008446
0.008549
0.008443
0.008028
0.008017
0.008518
0.008933
0.009540
0.009387
0.008184
0.007732
0.008602
0.008549
0.009134
0.009381
0.008283
0.008552
0.009095
0.008729
0.008540
0.010162
0.010339
0.008429
0.008417
0.008523
0.008501
0.009893
0.008959
0.007925
0.008115
0.008226
0.008499
0.010483
0.010353
0.008881
0.008609
0.008713
0.008450
0.009233
0.009837
0.008906
0.008440
0.008694
0.007870
0.009091
0.009665
0.009040
0.008218
0.008248
0.008511
0.008425
0.009593
0.009276
0.008521
0.008813
0.009160
0.008907
0.011130
0.012466
0.009627
0.008128
0.008316
0.008670
0.008754
0.009445
0.009478
0.007850
0.008431
0.008613
0.008326
0.009417
0.009744
0.008960
0.008761
0.008400
0.008156
0.009944
0.009667
0.008238
0.007782
0.008283
0.008228
0.009386
0.011023
0.010299
0.008386
0.008383
0.008350
0.008555
0.009792
0.008886
0.007896
0.007823
0.008742
0.008189
0.009874
0.009430
0.008499
0.008316
0.008726
0.008381
0.009075
0.009330
0.008316
0.007889
0.008633
0.007919
0.008545
0.009481
0.008945
0.008041
0.008278
0.008342
0.008704
0.009748
0.009424
0.008043
0.008292
0.008881
0.008740
0.009892
0.010138
0.008252
0.008466
0.008619
0.008537
0.008769
0.009889
0.008674
0.008244
0.008642
0.008037
0.008947
0.009709
0.008499
0.008347
0.008778
0.008799
0.008319
0.009762
0.010769
0.009775
0.008396
0.008854
0.008271
0.009355
0.009490
0.008540
0.008164
0.009099
0.009050
0.008881
0.009329
0.008298
0.007818
0.008562
0.008489
0.008374
0.010089
0.009399
0.007924
0.008279
0.008763
0.008439
0.008960
0.009426
0.008604
0.008203
0.008281
0.008423
0.009326
0.010798
0.009510
0.008335
0.008968
0.008291
0.008500
0.009162
0.009073
0.007905
0.008313
0.008495
0.008423
0.010435
0.010305
0.008520
0.008509
0.008951
0.008435
0.008992
0.010523
0.008855
0.007593
0.008422
0.008548
0.008995
0.011075
0.011462
0.011370
0.011792
0.011422
0.012513
0.015354
0.017128
0.016543
0.013550
0.012090
0.012296
0.014817
0.018475
0.024716
0.034746
0.039693
0.042361
0.049158
0.060346
0.072736
