0.004770
0.005875
0.005682
0.005535
0.005940
0.005532
0.005775
0.005962
0.005714
0.005227
0.005525
0.005575
0.005823
0.005836
0.005880
0.005384
0.005520
0.005608
0.005632
0.005540
0.006155
0.005509
0.005694
0.005831
0.005684
0.005880
0.006295
0.005685
0.005459
0.005667
0.005721
0.005543
0.006006
0.005842
0.005627
0.005782
0.005852
0.005603
0.006020
0.005950
0.005444
0.005689
0.005903
0.005810
0.005865
0.006151
0.005536
0.005661
0.005836
0.005667
0.005862
0.006153
0.005845
0.005358
0.005879
0.005891
0.005292
0.006074
0.006223
0.005586
0.005750
0.005665
0.005443
0.005798
0.005901
0.005356
0.005448
0.005565
0.005428
0.005625
0.006160
0.005330
0.005211
0.005591
0.005466
0.005870
0.006105
0.005995
0.005299
0.005673
0.005806
0.005819
0.005518
0.005676
0.005796
0.005647
0.005627
0.005477
0.005987
0.006010
0.005361
0.005300
0.005649
0.005575
0.005908
0.005979
0.005815
0.005572
0.005807
0.005732
0.005666
0.005887
0.005697
0.005340
0.005382
0.005558
0.005475
0.005487
0.005664
0.005486
0.005769
0.005667
0.005684
0.005816
0.006137
0.005530
0.005386
0.005960
0.005853
0.005641
0.005987
0.005717
0.005610
0.005827
0.005478
0.005540
0.005944
0.005990
0.005452
0.005735
0.005561
0.005723
0.005487
0.005994
0.005387
0.005275
0.005606
0.006135
0.005701
0.006083
0.005856
0.005504
0.005620
0.005858
0.005729
0.005957
0.006000
0.005484
0.005539
0.005762
0.005829
0.005628
0.005617
0.005748
0.005424
0.005796
0.005661
0.005561
0.005811
0.005423
0.005316
0.005633
0.005465
0.005790
0.005844
0.005620
0.005124
0.005342
0.005518
0.005621
0.005613
0.005831
0.005385
0.005466
0.006169
0.005493
0.005679
0.006035
0.005521
0.005447
0.005818
0.005600
0.005649
0.005960
0.005482
0.005335
0.005574
0.005551
0.005555
0.006253
0.005956
0.005605
0.005803
0.005279
0.005524
0.006003
0.006119
0.005547
0.005502
0.005648
0.005818
0.005806
0.005967
0.005587
0.005503
0.005656
0.005725
0.005548
0.005839
0.005476
0.005002
0.005722
0.005486
0.005729
0.006075
0.006191
0.005650
0.005803
0.005751
0.005738
0.006087
0.005956
0.005378
0.005332
0.005856
0.005683
0.005732
0.005999
0.005705
0.005532
0.005801
0.005704
0.005751
0.006053
0.005805
0.005509
0.005711
0.005535
0.005476
0.005389
0.005940
0.005365
0.005492
0.005834
0.005597
0.005648
0.006021
0.005677
0.005383
0.005668
0.005577
0.005705
0.005914
0.005971
0.005458
0.005796
0.005704
0.005846
0.005827
0.006171
0.005460
0.005618
0.005504
0.005638
0.005733
0.006073
0.005675
0.005781
0.005886
0.005686
0.005981
0.006074
0.005774
0.005404
0.005695
0.005484
0.005625
0.005651
0.005225
0.005214
0.005478
0.005679
0.005558
0.005799
0.005925
0.005500
0.005276
0.005514
0.005601
0.005609
0.005654
0.005175
0.005595
0.005719
0.005740
0.005549
0.005797
0.005700
0.005436
0.005536
0.005579
0.005921
0.006111
0.005670
0.005456
0.005533
0.005588
0.005860
0.005966
0.005959
0.005449
0.005518
0.005694
0.005752
0.005496
0.006080
0.005528
0.005569
0.005940
0.005755
0.005601
0.005893
0.005645
0.005475
0.005592
0.005529
0.005591
0.005883
0.005858
0.005348
0.005441
0.005914
0.005713
0.005700
0.006051
0.005878
0.005369
0.005784
0.005518
0.005339
0.005663
0.005945
0.005436
0.005775
0.005502
0.005590
0.005845
0.005902
0.005322
0.005483
0.005414
0.005725
0.005711
0.006040
0.005504
0.005691
0.005579
0.005581
0.005681
0.006161
0.005914
0.005020
0.005611
0.005542
0.005822
0.006190
0.005893
0.005508
0.005822
0.005649
0.005318
0.005600
0.005752
0.005569
0.005506
0.005639
0.005634
0.005924
0.006374
0.005499
0.005550
0.005812
0.005807
0.005787
0.005798
0.005634
0.005587
0.005933
0.005875
0.005689
0.005903
0.005800
0.005448
0.005552
0.005635
0.005814
0.005873
0.005834
0.005323
0.005443
0.005442
0.005756
0.005852
0.005810
0.005611
0.005550
0.005264
0.005376
0.006021
0.005861
0.005808
0.005680
0.005916
0.005852
0.005774
0.005644
0.005782
0.005481
0.005538
0.005712
0.005698
0.005626
0.006145
0.005523
0.005342
0.005569
0.005524
0.005683
0.005859
0.005731
0.005434
0.005702
0.005528
0.005641
0.005724
0.005909
0.005389
0.005424
0.005706
0.005684
0.005693
0.006146
0.005359
0.005512
0.005722
0.005610
0.005857
0.006013
0.005938
0.005242
0.005728
0.005397
0.005591
0.005829
0.005547
0.005550
0.005667
0.005952
0.005750
0.005768
0.005922
0.005386
0.005770
0.005619
0.005575
0.005755
0.005774
0.005645
0.005324
0.005751
0.005753
0.005708
0.006004
0.005558
0.005567
0.005614
0.005946
0.005809
0.006066
0.005739
0.005591
0.005757
0.005717
0.005678
0.005757
0.006146
0.005280
0.005586
0.005850
0.005644
0.005736
0.005761
0.005612
0.005344
0.005743
0.005886
0.005791
0.005553
0.005532
0.005030
0.005432
0.005817
0.005623
0.005892
0.005920
0.005270
0.005558
0.005651
0.005334
0.005729
0.006212
0.005635
0.005299
0.005965
0.005512
0.005630
0.005902
0.005668
0.005450
0.005763
0.006027
0.005717
0.005844
0.005805
0.005346
0.005970
0.005664
0.005514
0.005597
0.005844
0.005362
0.005615
0.005819
0.005465
0.005631
0.005948
0.005456
0.005380
0.005786
0.005587
0.005455
0.005937
0.005566
0.005307
0.005753
0.005720
0.005749
0.005897
0.006084
0.005423
0.005460
0.005532
0.005797
0.006270
0.005879
0.005750
0.005511
0.005739
0.005501
0.005758
0.005985
0.005541
0.005308
0.005549
0.005620
0.005551
0.006017
0.006078
0.005597
0.005611
0.005990
0.005752
0.006056
0.006017
0.005513
0.005668
0.005516
0.005421
0.005315
0.005576
0.005446
0.005558
0.005715
0.005721
0.005671
0.005807
0.005689
0.005658
0.005979
0.005895
0.005823
0.005847
0.006051
0.005381
0.005715
0.005711
0.005559
0.005782
0.005990
0.005493
0.005518
0.005712
0.005615
0.005504
0.005941
0.005622
0.005414
0.005887
0.005696
0.005731
0.006024
0.005937
0.005163
0.005536
0.005481
0.005923
0.005606
0.005965
0.005441
0.005397
0.005701
0.005572
0.005550
0.005810
0.005464
0.005542
0.005650
0.005575
0.005887
0.006099
0.006055
0.005727
0.005564
0.005495
0.005580
0.005897
0.005876
0.005443
0.005853
0.005980
0.005492
0.005589
0.005937
0.005825
0.005301
0.005920
0.005758
0.005652
0.006231
0.005838
0.005282
0.005471
0.005580
0.005749
0.005638
0.005836
0.005188
0.005584
0.005669
0.005616
0.005652
0.005885
0.005324
0.005517
0.005626
0.005676
0.005827
0.006378
0.005462
0.005729
0.005518
0.005651
0.005625
0.006061
0.005475
0.005316
0.005655
0.005643
0.005669
0.006219
0.006052
0.005477
0.005692
0.005744
0.005514
0.005702
0.005779
0.005405
0.005506
0.005996
0.005513
0.005532
0.006093
0.005740
0.005186
0.005811
0.005566
0.005807
0.006088
0.005745
0.005465
0.005737
0.005836
0.005771
0.005912
0.005980
0.005356
0.005465
0.006112
0.005815
0.005830
0.006344
0.005905
0.005309
0.005580
0.005423
0.005719
0.005733
0.005593
0.005220
0.005668
0.005422
0.005452
0.005792
0.005585
0.005450
0.005879
0.005751
0.005543
0.005793
0.006359
0.005953
0.005492
0.005461
0.005629
0.005503
0.005956
0.005340
0.005417
0.005820
0.005613
0.005746
0.005759
0.005523
0.005347
0.005553
0.005683
0.005999
0.005809
0.005731
0.005374
0.005516
0.005830
0.005732
0.005966
0.006222
0.005769
0.005603
0.006063
0.005631
0.005577
0.005642
0.005675
0.005512
0.005652
0.005758
0.005684
0.005733
0.005785
0.005468
0.005328
0.005593
0.005816
0.005600
0.005961
0.005542
0.005352
0.005377
0.005580
0.006028
0.005863
0.005736
0.005508
0.005558
0.005713
0.005630
0.005908
0.006086
0.005307
0.005817
0.005609
0.005570
0.006021
0.005986
0.005496
0.005391
0.005652
0.006014
0.005608
0.005957
0.005789
0.005798
0.005881
0.005828
0.005553
0.005672
0.005718
0.005045
0.005505
0.005615
0.005416
0.005528
0.005707
0.005481
0.005701
0.005722
0.005656
0.005752
0.005852
0.005291
0.005439
0.005902
0.005417
0.005948
0.006331
0.005626
0.005506
0.005421
0.005718
0.005736
0.006017
0.005651
0.005270
0.005659
0.005595
0.005702
0.005615
0.006058
0.005305
0.005448
0.005482
0.005480
0.005550
0.005863
0.005719
0.005331
0.005619
0.005667
0.005764
0.006070
0.005654
0.005377
0.005918
0.005563
0.005777
0.005832
0.006028
0.005417
0.005618
0.005877
0.005536
0.005792
0.005926
0.005336
0.005726
0.005724
0.005642
0.005884
0.006095
0.005482
0.005275
0.005559
0.005939
0.005717
0.005909
0.005854
0.005223
0.005788
0.005878
0.005559
0.005841
0.006236
0.005588
0.005384
0.005655
0.005537
0.005549
0.006371
0.005716
0.005374
0.005678
0.005584
0.005544
0.005994
0.005852
0.005560
0.006067
0.005679
0.005618
0.005696
0.005937
0.005402
0.005455
0.005759
0.005594
0.005912
0.006117
0.005563
0.005644
0.005634
0.005368
0.005762
0.006053
0.005613
0.005198
0.005486
0.005403
0.005539
0.006272
0.005574
0.005282
0.005565
0.005243
0.005804
0.005863
0.005758
0.005447
0.005603
0.005847
0.005727
0.005678
0.006073
0.005421
0.005519
0.005914
0.005715
0.005617
0.005939
0.005689
0.005458
0.005569
0.005433
0.005882
0.005528
0.005836
0.005128
0.005434
0.005518
0.005398
0.005534
0.005974
0.005590
0.005282
0.005493
0.005659
0.005783
0.006323
0.005432
0.005200
0.005402
0.005350
0.005511
0.005630
0.005401
0.005399
0.005585
0.005782
0.005656
0.005556
0.005969
0.005293
0.005638
0.005663
0.005744
0.005755
0.006081
0.005581
0.005470
0.005611
0.005604
0.005791
0.005924
0.005669
0.005333
0.005753
0.005551
0.005689
0.005960
0.005975
0.005274
0.005651
0.005726
0.005564
0.005842
0.005929
0.005411
0.005747
0.005948
0.005639
0.005622
