0.002420
0.002849
0.003009
0.002851
0.002968
0.002900
0.002768
0.002977
0.003055
0.002836
0.003152
0.002936
0.002634
0.002932
0.003209
0.002922
0.002961
0.002921
0.002758
0.002779
0.003251
0.003004
0.002926
0.003088
0.002915
0.002823
0.003091
0.003157
0.002936
0.003024
0.002854
0.002704
0.003020
0.003177
0.002995
0.002968
0.002875
0.002792
0.002855
0.003173
0.002941
0.002971
0.003155
0.002883
0.002869
0.003229
0.003014
0.002873
0.003023
0.002940
0.002686
0.003074
0.003032
0.002925
0.003049
0.002933
0.002743
0.002954
0.003118
0.002886
0.003070
0.003081
0.002783
0.002771
0.003202
0.002991
0.002940
0.002927
0.002798
0.002863
0.003265
0.003167
0.002854
0.003047
0.002958
0.002721
0.003176
0.003186
0.002886
0.003107
0.003045
0.002668
0.002929
0.003197
0.002977
0.002866
0.003021
0.002864
0.002981
0.003329
0.003030
0.002935
0.003177
0.002762
0.002724
0.003058
0.003263
0.002918
0.002958
0.002914
0.002724
0.003042
0.003206
0.002876
0.003011
0.003084
0.002766
0.002898
0.003271
0.002971
0.002936
0.003000
0.002762
0.002766
0.003146
0.002912
0.002815
0.003042
0.002902
0.002750
0.003076
0.003227
0.002894
0.003027
0.003044
0.002699
0.002909
0.003142
0.002948
0.003002
0.003016
0.002676
0.002789
0.003241
0.003056
0.002938
0.003070
0.002855
0.002733
0.002971
0.003111
0.002864
0.003037
0.002949
0.002665
0.002951
0.003089
0.002858
0.002892
0.003191
0.002737
0.002945
0.003246
0.003011
0.002990
0.003091
0.002761
0.002709
0.003170
0.002946
0.002924
0.003087
0.002798
0.002694
0.003115
0.003078
0.002865
0.003053
0.002982
0.002770
0.003088
0.003243
0.002945
0.003029
0.003187
0.002798
0.002964
0.003259
0.003100
0.002978
0.003116
0.002853
0.002674
0.003106
0.003219
0.002855
0.003051
0.002990
0.002674
0.002970
0.003091
0.002778
0.003071
0.003061
0.002802
0.002963
0.003106
0.002929
0.002947
0.003121
0.002850
0.002788
0.003127
0.002974
0.002878
0.003098
0.002943
0.002763
0.002943
0.003035
0.002881
0.003005
0.002905
0.002840
0.002853
0.003230
0.002929
0.003024
0.003065
0.002771
0.002863
0.003181
0.003021
0.002875
0.002919
0.002849
0.002830
0.003096
0.003147
0.002905
0.003156
0.003052
0.002614
0.003007
0.003130
0.002863
0.003004
0.003099
0.002769
0.002931
0.003202
0.002959
0.003122
0.003082
0.002772
0.002699
0.003051
0.002964
0.002908
0.003117
0.002938
0.002825
0.003082
0.003047
0.002922
0.002950
0.002771
0.002813
0.002961
0.003171
0.002846
0.002892
0.003035
0.002685
0.002869
0.003176
0.003052
0.002956
0.003010
0.002846
0.002896
0.003140
0.003157
0.002861
0.003029
0.002946
0.002834
0.003094
0.003186
0.002909
0.003005
0.003107
0.002686
0.002835
0.003160
0.002932
0.002864
0.003058
0.002889
0.002760
0.003140
0.002948
0.002821
0.003001
0.002863
0.002664
0.003012
0.002922
0.002764
0.003061
0.002962
0.002763
0.003062
0.003102
0.002853
0.003006
0.002969
0.002835
0.002904
0.003230
0.002951
0.002873
0.003028
0.002798
0.002677
0.003170
0.003184
0.002910
0.003060
0.002897
0.002777
0.003176
0.003320
0.002838
0.003032
0.003096
0.002740
0.002960
0.003281
0.002911
0.002891
0.003057
0.002748
0.002803
0.003000
0.002899
0.002836
0.003095
0.002927
0.002768
0.003039
0.003204
0.003040
0.003027
0.002975
0.002617
0.002957
0.003253
0.002886
0.002966
0.003237
0.002810
0.002904
0.003402
0.003077
0.002897
0.003172
0.002870
0.002708
0.003154
0.002890
0.002827
0.003044
0.002826
0.002764
0.003122
0.003120
0.002834
0.002955
0.002957
0.002668
0.002978
0.003201
0.003007
0.002911
0.003000
0.002917
0.002875
0.003235
0.003064
0.002844
0.003071
0.002924
0.002786
0.003081
0.003192
0.002858
0.003097
0.002974
0.002730
0.002998
0.003337
0.002920
0.002933
0.002983
0.002590
0.002905
0.003235
0.002918
0.002920
0.003083
0.002683
0.002881
0.003127
0.003010
0.002906
0.002956
0.002920
0.002725
0.003096
0.003215
0.002769
0.003041
0.003033
0.002663
0.002967
0.003179
0.002985
0.002876
0.003198
0.002879
0.002929
0.003258
0.002993
0.002953
0.003247
0.002952
0.002791
0.003171
0.003138
0.002865
0.002989
0.002927
0.002750
0.002999
0.003150
0.002873
0.002936
0.003081
0.002833
0.002884
0.003267
0.002986
0.002964
0.003047
0.002756
0.002811
0.003084
0.002966
0.002949
0.003107
0.002973
0.002817
0.003258
0.003153
0.002856
0.003000
0.002948
0.002698
0.002989
0.003218
0.002881
0.002976
0.002975
0.002850
0.002805
0.003150
0.003142
0.002874
0.003102
0.002783
0.002654
0.003055
0.003081
0.002864
0.003140
0.002802
0.002812
0.003025
0.003166
0.002912
0.002928
0.002894
0.002679
0.002913
0.003182
0.003127
0.002872
0.003049
0.002800
0.002728
0.003169
0.003099
0.002778
0.003035
0.002920
0.002706
0.003013
0.003125
0.002964
0.002920
0.003005
0.002686
0.002808
0.003192
0.003042
0.002906
0.003145
0.002710
0.002923
0.003101
0.002936
0.002923
0.003137
0.002868
0.002697
0.003132
0.003083
0.002910
0.003160
0.002803
0.002625
0.003024
0.003181
0.002987
0.003032
0.003029
0.002763
0.002856
0.003113
0.002982
0.002944
0.003071
0.002776
0.002788
0.003215
0.002984
0.002918
0.003085
0.002815
0.002721
0.003041
0.003124
0.002896
0.003029
0.003084
0.002695
0.002906
0.003094
0.002891
0.002918
0.003084
0.002777
0.002915
0.003117
0.003010
0.003076
0.003109
0.002830
0.002651
0.003033
0.003046
0.002908
0.003007
0.002952
0.002672
0.002986
0.003084
0.002926
0.002988
0.002994
0.002761
0.003039
0.003170
0.003072
0.002827
0.003071
0.002709
0.002853
0.003107
0.003150
0.002918
0.003098
0.002793
0.002800
0.003108
0.003089
0.002765
0.003058
0.002974
0.002745
0.002976
0.003319
0.002864
0.003000
0.002965
0.002748
0.002756
0.003304
0.002930
0.002865
0.003000
0.002799
0.002785
0.003012
0.003079
0.002996
0.003138
0.003070
0.002719
0.003095
0.003252
0.002996
0.003151
0.003019
0.002745
0.002848
0.003243
0.002857
0.002882
0.003029
0.002863
0.002759
0.003140
0.003031
0.002825
0.003125
0.002824
0.002819
0.003036
0.003092
0.002731
0.003042
0.002904
0.002726
0.003057
0.003174
0.002873
0.002999
0.002934
0.002714
0.002838
0.003232
0.002959
0.002932
0.003149
0.002878
0.002764
0.003230
0.003113
0.002941
0.003097
0.002936
0.002789
0.002982
0.003096
0.002956
0.003015
0.003047
0.002773
0.002894
0.003250
0.002934
0.002950
0.003067
0.002782
0.002752
0.003090
0.003012
0.002923
0.003113
0.002833
0.002816
0.003092
0.003179
0.002855
0.003015
0.003010
0.002632
0.002881
0.003115
0.002786
0.003050
0.002985
0.002727
0.002746
0.003223
0.003002
0.002872
0.003043
0.002833
0.002786
0.003096
0.003134
0.003000
0.003052
0.003051
0.002737
0.003100
0.003191
0.002910
0.003087
0.002920
0.002758
0.002912
0.003205
0.002940
0.002957
0.003098
0.002731
0.002833
0.003128
0.002982
0.002948
0.003121
0.002849
0.002680
0.002993
0.003196
0.002885
0.003032
0.002944
0.002789
0.002985
0.003175
0.002898
0.002974
0.003037
0.002723
0.002850
0.003072
0.003080
0.002989
0.003103
0.002724
0.002799
0.003005
0.002983
0.002897
0.003108
0.002948
0.002667
0.003037
0.003048
0.002925
0.002990
0.003014
0.002751
0.002982
0.003238
0.003004
0.002938
0.003075
0.002688
0.002927
0.003025
0.002976
0.002937
0.003067
0.002919
0.002703
0.003134
0.002988
0.002903
0.002999
0.002864
0.002716
0.002958
0.003194
0.002987
0.003003
0.003060
0.002804
0.002891
0.003181
0.003048
0.003014
0.003111
0.002827
0.002770
0.003217
0.003096
0.002866
0.003183
0.002862
0.002788
0.003070
0.003165
0.002940
0.003014
0.003065
0.002766
0.002997
0.003257
0.002988
0.003018
0.003104
0.002824
0.002830
0.003072
0.003052
0.002915
0.003263
0.002934
0.002843
0.003118
0.003178
0.002947
0.003125
0.003045
0.002759
0.003023
0.003225
0.002964
0.003075
0.003005
0.002720
0.002799
0.003167
0.002881
0.002950
0.002947
0.002689
0.002739
0.003179
0.003219
0.002845
0.003101
0.002918
0.002608
0.002929
0.003139
0.002899
0.003002
0.003006
0.002761
0.002982
0.003222
0.003004
0.002964
0.003058
0.002888
0.002863
0.003231
0.002872
0.002905
0.002984
0.002712
0.002822
0.003093
0.003096
0.002832
0.003142
0.003010
0.002721
0.003013
0.003197
0.002927
0.003002
0.002976
0.002740
0.002979
0.003317
0.003033
0.003060
0.003133
0.002909
0.002900
0.003172
0.003026
0.002833
0.003056
0.002947
0.002786
0.002958
0.003236
0.002853
0.002867
0.002967
0.002696
0.003026
0.003114
0.002906
0.002953
0.003007
0.002736
0.002891
0.003268
0.002972
0.002845
0.003168
0.002828
0.002765
0.003033
0.003110
0.002797
0.003070
0.002952
0.002732
0.003117
0.003164
0.003017
0.003046
0.003068
0.002838
0.003012
0.003179
0.002996
0.002938
0.002974
0.002862
0.002742
0.003174
0.003121
0.002811
0.002963
0.002799
0.002671
0.003038
0.003222
0.003056
0.003094
0.003007
0.002838
0.003018
0.003119
0.002881
0.002916
0.003106
0.002709
0.002816
0.003152
0.003055
0.002986
0.002978
0.002795
0.002724
0.002930
0.003111
0.002943
0.003140
0.002871
0.002865
0.003109
0.003135
0.002955
0.003016
0.003136
0.002733
0.002877
0.003097
0.002999
0.003020
0.003100
0.002798
0.002728
0.003239
0.003053
0.002848
0.003189
0.002930
0.002749
0.003087
0.003168
0.002906
0.003034
0.002979
0.002776
0.002870
0.003131
0.002934
0.003030
0.002992
0.002763
0.002887
0.003232
0.002930
0.002944
0.003085
0.002798
0.002715
0.003084
0.003070
0.002912
0.002968
0.002761
0.002756
0.003002
0.003169
0.002938
0.003138
0.002993
0.002713
0.002897
0.003225
0.002943
0.002916
0.003060
0.002652
0.002841
