0.005660
0.007694
0.007971
0.008075
0.007819
0.007608
0.006794
0.007781
0.008012
0.007756
0.007825
0.008254
0.007498
0.007418
0.008755
0.008313
0.008300
0.007601
0.007902
0.006817
0.008190
0.008005
0.007877
0.007590
0.007487
0.006885
0.007628
0.007816
0.007749
0.007984
0.007995
0.007118
0.007774
0.008872
0.008119
0.008133
0.007551
0.007497
0.006924
0.008305
0.008447
0.007752
0.007483
0.007567
0.007000
0.008031
0.007688
0.007349
0.007637
0.007388
0.007154
0.007509
0.007856
0.007764
0.008378
0.007994
0.007413
0.007481
0.009224
0.008295
0.008158
0.007589
0.007312
0.006884
0.008172
0.007964
0.007691
0.007319
0.007932
0.007469
0.007989
0.008272
0.007596
0.007605
0.007665
0.007459
0.007803
0.008518
0.007960
0.007822
0.008152
0.007172
0.006867
0.008857
0.008377
0.007837
0.007558
0.007844
0.006965
0.008319
0.008832
0.007882
0.007564
0.007390
0.007201
0.008178
0.008632
0.007981
0.008187
0.008201
0.007505
0.007474
0.008870
0.008233
0.007579
0.007858
0.007396
0.006867
0.008045
0.007733
0.007575
0.007728
0.007859
0.006988
0.007815
0.008019
0.007114
0.007874
0.007590
0.006868
0.007247
0.008354
0.007700
0.007957
0.007869
0.007568
0.007172
0.008457
0.007577
0.007513
0.007296
0.007498
0.006668
0.008627
0.008715
0.007782
0.007707
0.007880
0.007003
0.008384
0.009162
0.008798
0.008163
0.007423
0.007500
0.007711
0.009288
0.008806
0.007973
0.008045
0.007485
0.007237
0.008348
0.008513
0.008254
0.008079
0.007686
0.007035
0.008325
0.009313
0.008062
0.007752
0.007567
0.007337
0.007390
0.008110
0.007517
0.008084
0.007297
0.007331
0.006974
0.008970
0.008276
0.007938
0.007923
0.007760
0.006834
0.008426
0.007701
0.007827
0.007870
0.007645
0.006811
0.008080
0.008776
0.007908
0.007822
0.007898
0.007407
0.007602
0.009232
0.009194
0.007460
0.007414
0.007658
0.006907
0.008000
0.007621
0.007563
0.007967
0.007711
0.006869
0.008280
0.008506
0.007953
0.007806
0.007735
0.007165
0.007662
0.008973
0.008164
0.007727
0.008107
0.007623
0.007642
0.008919
0.008979
0.008075
0.008079
0.007360
0.007202
0.008557
0.008440
0.008474
0.008842
0.008308
0.007058
0.008021
0.008587
0.007581
0.008074
0.007418
0.007266
0.007513
0.009153
0.008776
0.008211
0.007860
0.007843
0.007076
0.008489
0.008324
0.007477
0.007701
0.007772
0.007336
0.008165
0.008387
0.007626
0.007738
0.007614
0.007133
0.007499
0.008457
0.007722
0.008317
0.007903
0.007008
0.007118
0.008484
0.007970
0.007430
0.007520
0.007755
0.007031
0.008587
0.009444
0.008056
0.007648
0.007526
0.007096
0.008425
0.009995
0.009891
0.007818
0.007336
0.007565
0.008009
0.010341
0.009487
0.008373
0.008109
0.007776
0.006711
0.008128
0.007661
0.007944
0.007789
0.007850
0.006921
0.008393
0.009012
0.008718
0.007999
0.007517
0.007052
0.007988
0.010016
0.010156
0.009307
0.008585
0.007300
0.007430
0.009199
0.008842
0.008046
0.008037
0.007437
0.006892
0.008095
0.008560
0.007879
0.007808
0.007313
0.007201
0.008066
0.008787
0.007955
0.007700
0.008008
0.007273
0.007398
0.007912
0.008058
0.008216
0.007533
0.007239
0.006911
0.008269
0.007878
0.007546
0.007440
0.007742
0.007140
0.008383
0.008651
0.008290
0.007682
0.007689
0.007048
0.007378
0.008125
0.007993
0.008089
0.007461
0.007284
0.007574
0.008108
0.007644
0.007523
0.007910
0.007593
0.007026
0.009386
0.009630
0.008870
0.008003
0.007560
0.006949
0.008147
0.008497
0.007954
0.007666
0.007853
0.007385
0.007709
0.008719
0.007473
0.007793
0.008288
0.007633
0.007352
0.008992
0.008765
0.008100
0.007635
0.007457
0.007585
0.008710
0.009106
0.007963
0.007990
0.007566
0.007656
0.008349
0.008850
0.008047
0.007936
0.007916
0.007335
0.006950
0.008045
0.007686
0.008003
0.008066
0.007616
0.007212
0.008888
0.009600
0.007734
0.007665
0.007851
0.006814
0.008600
0.009597
0.009446
0.008132
0.007777
0.007295
0.007684
0.008080
0.007658
0.007653
0.007989
0.007681
0.007451
0.008368
0.007633
0.007879
0.008007
0.007401
0.006970
0.007883
0.008401
0.007790
0.007741
0.007571
0.006755
0.008254
0.009276
0.007560
0.008134
0.008028
0.006862
0.007661
0.009560
0.009184
0.008245
0.007870
0.007901
0.007627
0.009747
0.010102
0.008714
0.007459
0.007587
0.007451
0.008110
0.008548
0.007832
0.007984
0.008350
0.007245
0.007815
0.008912
0.008612
0.007954
0.008117
0.008018
0.007432
0.009619
0.009586
0.008260
0.008259
0.007997
0.006867
0.008694
0.009283
0.009272
0.008978
0.009269
0.008012
0.008282
0.009783
0.009008
0.008306
0.007920
0.007254
0.007275
0.008775
0.007699
0.007783
0.007655
0.007529
0.006814
0.008257
0.008365
0.008081
0.008294
0.007709
0.007299
0.008202
0.008380
0.007822
0.007678
0.008146
0.007585
0.007542
0.008305
0.007604
0.008323
0.007929
0.007308
0.007238
0.008400
0.007503
0.007605
0.007886
0.007611
0.007010
0.008315
0.008302
0.007364
0.007563
0.008205
0.007235
0.007465
0.007892
0.007446
0.007524
0.007982
0.007282
0.007373
0.008237
0.007944
0.007902
0.007543
0.007389
0.007166
0.009519
0.009975
0.009110
0.008910
0.008998
0.007121
0.007887
0.008649
0.007732
0.008087
0.007217
0.007345
0.007895
0.009123
0.008706
0.008285
0.007912
0.007453
0.007166
0.008582
0.007992
0.007783
0.007757
0.007632
0.006755
0.008479
0.008502
0.007522
0.007811
0.008086
0.007242
0.007656
0.008218
0.007799
0.007845
0.008094
0.007416
0.007733
0.009934
0.009090
0.007949
0.007578
0.007701
0.007391
0.008633
0.008545
0.007918
0.007948
0.007605
0.006983
0.008296
0.008281
0.007566
0.007991
0.007812
0.007430
0.007453
0.008345
0.007933
0.008341
0.008248
0.007535
0.007057
0.008844
0.008759
0.008217
0.007906
0.007663
0.007119
0.008516
0.008328
0.008005
0.007500
0.007592
0.007192
0.008033
0.009670
0.008366
0.007925
0.007882
0.007104
0.007535
0.009607
0.009188
0.007588
0.008041
0.007177
0.007396
0.009354
0.008758
0.007587
0.007809
0.007814
0.007115
0.008413
0.008556
0.008168
0.007613
0.007658
0.006935
0.007565
0.008343
0.007806
0.007685
0.007569
0.007668
0.007396
0.008623
0.008262
0.008380
0.007947
0.007448
0.006918
0.008545
0.008352
0.007754
0.008293
0.007833
0.007048
0.008105
0.009010
0.008443
0.007753
0.007980
0.007129
0.007357
0.008246
0.007476
0.007904
0.008039
0.007714
0.007233
0.008865
0.008722
0.007883
0.008029
0.008134
0.007055
0.008199
0.008663
0.008037
0.007753
0.007837
0.007092
0.008196
0.009926
0.009907
0.008305
0.007591
0.007327
0.007336
0.008870
0.009117
0.007817
0.008428
0.007709
0.006924
0.008356
0.007766
0.008167
0.008143
0.007737
0.007126
0.007885
0.008149
0.007438
0.007803
0.007738
0.007036
0.007552
0.008999
0.008423
0.007810
0.007701
0.007549
0.007212
0.008751
0.008374
0.007675
0.007512
0.008055
0.006777
0.008529
0.008434
0.007786
0.007893
0.008158
0.007158
0.007729
0.008927
0.007959
0.007906
0.007615
0.007386
0.007338
0.008509
0.007894
0.008338
0.007376
0.007200
0.006820
0.008875
0.009130
0.007728
0.007934
0.008139
0.007237
0.007777
0.008154
0.007836
0.007711
0.007801
0.007718
0.007923
0.009264
0.008458
0.007832
0.008096
0.007734
0.007474
0.008704
0.008375
0.007910
0.008278
0.007676
0.007019
0.008116
0.008351
0.007509
0.007656
0.007700
0.006871
0.007794
0.008203
0.007918
0.007459
0.007200
0.006993
0.006854
0.008318
0.008159
0.007708
0.007723
0.007466
0.007221
0.008757
0.008374
0.007868
0.007540
0.007322
0.007229
0.008060
0.008391
0.007936
0.008002
0.007842
0.006919
0.006990
0.008182
0.008024
0.008187
0.008170
0.007504
0.006768
0.008672
0.007960
0.007925
0.007654
0.007848
0.007005
0.008958
0.008655
0.007646
0.007593
0.007691
0.007290
0.007666
0.008106
0.007064
0.007959
0.007577
0.007150
0.007235
0.008555
0.007533
0.007949
0.007980
0.007755
0.006740
0.009206
0.009837
0.008317
0.007633
0.007605
0.006983
0.008926
0.009634
0.008234
0.007774
0.008256
0.007497
0.007713
0.008237
0.007697
0.007950
0.007669
0.007426
0.006882
0.008111
0.007967
0.007744
0.007744
0.007605
0.007129
0.008641
0.008394
0.007407
0.008134
0.007912
0.007297
0.007664
0.008315
0.007843
0.007551
0.008330
0.007174
0.007502
0.008519
0.007772
0.007732
0.007720
0.007640
0.007282
0.007682
0.007995
0.007837
0.007381
0.007361
0.007050
0.008633
0.008810
0.008049
0.007587
0.007859
0.006998
0.007746
0.008358
0.007702
0.007741
0.007767
0.007543
0.007105
0.008371
0.008011
0.007878
0.007548
0.007765
0.007018
0.008508
0.008844
0.008004
0.008239
0.008112
0.007234
0.007711
0.008021
0.007825
0.008250
0.007534
0.007094
0.007496
0.008575
0.008000
0.008048
0.008609
0.008386
0.007028
0.008704
0.008660
0.008216
0.007745
0.007910
0.007138
0.008548
0.009307
0.008265
0.007679
0.008356
0.007184
0.007964
0.009072
0.008181
0.008114
0.007666
0.007759
0.007173
0.008512
0.008016
0.007839
0.008133
0.007774
0.006810
0.007905
0.008129
0.007503
0.007256
0.007935
0.006942
0.008791
0.009156
0.008404
0.007983
0.007494
0.007125
0.007265
0.008240
0.007833
0.007859
0.007726
0.007743
0.007098
0.009176
0.008583
0.008077
0.008030
0.007980
0.006994
0.008453
0.009118
0.007994
0.008073
0.007636
0.007185
0.007761
0.008974
0.008213
0.008093
0.008015
0.007619
0.007509
0.009067
0.008271
0.008089
0.008027
0.007488
0.006988
0.008089
0.008057
0.007694
0.007263
0.007382
0.007018
0.007684
0.008381
0.008076
0.008254
0.008218
0.007294
0.007340
0.008203
0.007970
0.007974
0.007944
0.007356
0.007221
0.008587
0.007745
0.007634
0.007761
0.007580
0.006960
