0.002474
0.002732
0.002982
0.002874
0.003353
0.002958
0.002789
0.002788
0.002714
0.002974
0.003311
0.003473
0.002774
0.002966
0.002826
0.002745
0.003125
0.003331
0.002837
0.002943
0.002886
0.002589
0.002994
0.003361
0.002955
0.002772
0.002933
0.002810
0.002836
0.003171
0.003021
0.002826
0.002830
0.002869
0.002811
0.003005
0.003053
0.002858
0.002853
0.002979
0.002819
0.003045
0.002930
0.002803
0.002894
0.002900
0.002728
0.002686
0.003114
0.002852
0.002884
0.002985
0.002899
0.002843
0.003085
0.003001
0.002837
0.002794
0.002926
0.002851
0.002978
0.002988
0.002984
0.002908
0.002999
0.002803
0.002930
0.003493
0.003546
0.002786
0.003025
0.002864
0.002898
0.003272
0.003095
0.002942
0.002919
0.002847
0.002835
0.003011
0.002840
0.002847
0.003007
0.002836
0.002731
0.003018
0.003145
0.002746
0.002902
0.003011
0.002783
0.002865
0.003059
0.002845
0.002871
0.002984
0.002787
0.002888
0.003199
0.003193
0.002798
0.002830
0.002931
0.002747
0.003119
0.003024
0.002850
0.002831
0.002969
0.002770
0.002824
0.003064
0.002835
0.002940
0.003034
0.002856
0.002845
0.003095
0.002872
0.002834
0.002893
0.002880
0.002807
0.003014
0.003067
0.002886
0.003059
0.003013
0.002806
0.003111
0.003237
0.002862
0.002795
0.002860
0.002773
0.002893
0.003603
0.003291
0.002834
0.002861
0.002809
0.002830
0.003058
0.003023
0.002847
0.002968
0.002803
0.002770
0.002854
0.003163
0.002793
0.002896
0.002891
0.002771
0.002949
0.003108
0.002800
0.002882
0.002928
0.002815
0.002937
0.003008
0.002926
0.002898
0.002962
0.002973
0.002719
0.003146
0.002902
0.002817
0.002922
0.002967
0.002880
0.002978
0.003156
0.002810
0.002847
0.002791
0.002783
0.002908
0.003326
0.002870
0.002800
0.003084
0.002965
0.002828
0.003064
0.003063
0.002831
0.003031
0.002815
0.002798
0.003147
0.003433
0.002896
0.002875
0.002986
0.002804
0.003019
0.003087
0.002678
0.002872
0.002970
0.002719
0.002925
0.002987
0.002825
0.002764
0.002864
0.002777
0.002861
0.003110
0.003202
0.002852
0.002868
0.002752
0.002774
0.003014
0.003330
0.002909
0.002875
0.003087
0.002819
0.002782
0.003055
0.002859
0.002779
0.002931
0.002901
0.002876
0.003054
0.002966
0.002876
0.002974
0.002920
0.002772
0.003083
0.003162
0.002891
0.002908
0.002957
0.002828
0.002963
0.003127
0.002854
0.002931
0.002810
0.002806
0.002875
0.003193
0.002901
0.002746
0.002911
0.002881
0.002804
0.003178
0.002969
0.002752
0.002891
0.002797
0.002750
0.003272
0.003747
0.003682
0.002852
0.002934
0.002934
0.002889
0.002947
0.002790
0.002879
0.003020
0.002860
0.002764
0.003247
0.003268
0.002703
0.002931
0.003035
0.002840
0.003199
0.003517
0.002748
0.002858
0.003037
0.002720
0.003007
0.003216
0.002851
0.002880
0.002961
0.002816
0.002870
0.003191
0.002942
0.002889
0.002966
0.002833
0.002701
0.002989
0.002820
0.002744
0.002832
0.003084
0.002839
0.003068
0.003286
0.002774
0.002846
0.003021
0.002775
0.002911
0.003238
0.002942
0.002990
0.003074
0.002870
0.002732
0.002968
0.002930
0.002733
0.002823
0.002835
0.002781
0.003192
0.002859
0.002896
0.003013
0.002862
0.002734
0.002914
0.003167
0.002757
0.002708
0.002925
0.002727
0.002869
0.003099
0.002877
0.002934
0.002848
0.002818
0.002826
0.003130
0.003756
0.003010
0.002950
0.002770
0.002801
0.002997
0.003163
0.002780
0.002833
0.002828
0.002818
0.002908
0.003103
0.002912
0.002822
0.002857
0.002880
0.002931
0.003115
0.002968
0.002710
0.002867
0.002831
0.002789
0.003115
0.003166
0.002798
0.002882
0.002905
0.002884
0.002925
0.003286
0.002884
0.002868
0.002901
0.002721
0.002944
0.003404
0.002977
0.002888
0.003004
0.002818
0.002831
0.003093
0.002917
0.002844
0.002916
0.002799
0.002784
0.002984
0.002969
0.002679
0.002885
0.002894
0.002788
0.002851
0.003030
0.002866
0.002836
0.002970
0.002829
0.002866
0.003170
0.002942
0.002802
0.002963
0.002954
0.002834
0.003001
0.002830
0.002721
0.002961
0.002876
0.002691
0.002969
0.003170
0.002921
0.002901
0.003111
0.002827
0.002970
0.003338
0.002913
0.002890
0.002926
0.002723
0.002774
0.003070
0.003058
0.002796
0.003067
0.002799
0.002728
0.003191
0.003106
0.002818
0.002891
0.003086
0.002808
0.002912
0.003274
0.002787
0.002916
0.002948
0.002774
0.002802
0.003243
0.002862
0.002825
0.003004
0.002783
0.002866
0.003085
0.003156
0.002781
0.003019
0.002894
0.002773
0.003007
0.003157
0.002813
0.002837
0.002923
0.002850
0.002911
0.003158
0.002892
0.002867
0.002881
0.002877
0.002830
0.002925
0.002765
0.002717
0.002902
0.002868
0.002800
0.003048
0.002903
0.002888
0.002962
0.003048
0.002723
0.002996
0.003208
0.002768
0.002878
0.002969
0.002802
0.002834
0.003051
0.002849
0.002771
0.002987
0.002867
0.002810
0.003117
0.003063
0.002952
0.002915
0.003026
0.002804
0.002978
0.003183
0.002746
0.002870
0.003019
0.002671
0.002915
0.003281
0.002921
0.002778
0.002998
0.002924
0.002816
0.003041
0.002930
0.002795
0.002921
0.002914
0.002692
0.002910
0.003129
0.002733
0.002778
0.003057
0.002816
0.003037
0.003481
0.002964
0.002967
0.002946
0.003089
0.002889
0.003212
0.002886
0.002878
0.002877
0.002856
0.002888
0.003031
0.003021
0.002906
0.002874
0.002868
0.002885
0.003081
0.003426
0.002928
0.002793
0.002959
0.002775
0.002875
0.003219
0.002926
0.002805
0.003099
0.002887
0.002942
0.003406
0.003667
0.002784
0.002819
0.002883
0.002908
0.002958
0.003296
0.002815
0.002810
0.002793
0.002762
0.003011
0.002971
0.002842
0.002932
0.003098
0.002962
0.002895
0.003127
0.002830
0.002730
0.003006
0.002828
0.002748
0.002921
0.002946
0.002845
0.002905
0.002976
0.002736
0.002965
0.003203
0.002851
0.002835
0.002989
0.002806
0.002913
0.003215
0.002842
0.002836
0.002976
0.002781
0.002794
0.003250
0.003696
0.002830
0.002877
0.002843
0.002713
0.002788
0.002874
0.002929
0.002944
0.002968
0.002827
0.002885
0.003075
0.002985
0.002926
0.003050
0.002720
0.002781
0.003142
0.002869
0.002940
0.002956
0.002858
0.002970
0.003136
0.003367
0.002867
0.002970
0.002798
0.002715
0.002990
0.003044
0.002732
0.003023
0.002976
0.002745
0.003075
0.003882
0.004992
0.025019
0.129193
0.243364
